ID	relative_abundance
580026	8.439366895209799e-06
44742	0.0001299513623675374
1197717	0.0007640950347555533
1529	8.068844264210103e-06
54005	4.547680651152407e-05
1219626	2.706763989546974e-05
1624	0.00016686730896398554
291645	0.0028045327480265944
715	1.7463303791265042e-07
28134	0.0
425254	5.603121968401588e-07
113287	1.3113275014552053e-05
1535	0.0017062068208050102
457415	0.0005400173127335168
508451	4.486659090762622e-06
1262817	4.7695730139150065e-05
1807751	4.8751063018309464e-05
33968	8.634301738276607e-05
1262948	0.0011132073314547826
1262925	0.0005774491110445776
1852370	0.001480397853436131
341220	0.00015671019689621457
556499	0.000151556633595961
1744	0.00017160575672967244
1262693	0.00034838644482217086
1807729	0.0
1871035	0.0001964394029672191
860	0.00011885284967047262
29388	0.0
512030	0.0
1897015	0.0026709952706802428
1261	0.000315988378947607
135080	3.216704153220217e-06
1580	5.533790589849882e-06
1307	4.9464509871859874e-06
1105029	0.00026348337781940707
256701	0.0
1777881	1.9143498499195313e-06
33934	0.0
840	1.8151755599516567e-06
1262970	0.0013225630603625708
1338	9.520861242191346e-05
936548	0.0004361314257358632
1262952	0.021195022833032033
47678	0.0033680239091953786
1492	4.570313634996799e-05
1633	4.657052703108417e-05
487174	0.006622395557545266
574930	6.451309346651773e-05
1262805	0.0010018829956742893
1262840	0.00021756360906296653
1718	0.0
626930	0.0004604198511314356
1603888	3.4940973347324717e-06
68892	0.0004415449206115154
40545	0.002477414511284645
626935	0.0010042318238600932
1262987	0.0030310973389407925
1602	1.1826513660182911e-06
1491	0.0
1501332	4.242239764374372e-06
818	0.011231807903087894
28141	9.14949964376249e-08
1583	3.4232709066990345e-05
651	1.7144384916465562e-06
286638	0.0
79604	0.0
2751	0.0
1301100	0.0
317	0.0
28123	0.000441264405792984
202789	0.0
1776379	0.00033306856450465955
492736	0.0
264463	5.843269860166154e-05
1262998	0.0037092969248215483
1293	0.0
376804	0.0014567004397635752
1871020	0.00043668682492330164
1852384	0.0002717847687127055
66851	1.2624683259166173e-06
1263011	0.0003646108526017225
34073	0.0
40324	3.9990632131655677e-05
1550024	0.004706618775846061
46228	0.003253146377096723
1262857	5.96410416374096e-05
303	1.3242829594543355e-05
1262954	0.00013581047391036978
157691	1.3731392547721084e-05
1262913	0.0001527717562649463
1263019	0.0014967815397858393
28126	2.8819379375759448e-05
106588	0.0005792167396341274
671267	4.9771703241141096e-05
261299	0.0007548441626001749
1262894	3.5408718676588425e-05
52226	0.0013228038039481168
544580	0.00034291375248031436
1366	0.00013765499078427745
301301	0.002950989458487941
1680	0.0034189718593194657
1653435	0.00033848969467954363
1328	0.0014408267337007949
1777879	1.102800165877817e-06
137591	2.72866654796731e-05
316	0.0
1262899	0.0001742105999935442
1574624	3.1287018782897925e-07
1095727	1.4852837845802254e-06
1673719	5.381698115999064e-07
54062	6.61751536736282e-07
1383	0.00022666420216180475
376427	0.0
1499683	3.170219649352004e-06
1720317	1.2424983966622528e-06
37636	0.0
1263023	2.7373505039267734e-05
203	1.5214868626959622e-05
37734	1.1072423658644103e-05
72000	6.261479555507063e-07
169435	0.0013978797759361102
1703	2.6284281161776262e-06
147802	2.7531174272773408e-06
487	4.306403511050916e-06
1476577	1.3453329189280893e-05
1871031	0.00011825086311920141
626933	1.5633259272617743e-05
1737424	0.004220575023239456
1262789	0.0015533511120457678
281920	0.0012991927824923177
1871022	0.0004044686694621981
51669	0.0
159	4.801936853054075e-06
328814	0.004873043378610206
1852387	7.392600159436925e-05
1965570	1.8970646343055774e-05
1247	3.572829019914036e-07
1855325	3.0260808400022e-07
28038	3.494363194955272e-05
88132	7.945331619588263e-06
33034	0.0
39488	0.0028373958802843237
1262873	0.0005426633372543442
393762	3.5560453768556873e-06
486	1.6875304681836198e-07
76122	0.0001097609734253707
100884	0.0004066942225353585
1034346	0.0007273170959999168
1599	0.00010102680643168519
1987385	0.0
1261634	6.308294051096281e-07
1262810	0.00018799142221792868
1723384	5.096087484021889e-06
163202	2.3767910446942653e-07
138595	2.321815730178411e-05
454194	0.0
35519	0.00018059986394488656
168384	5.172471957792622e-05
839	7.139365310645884e-07
79967	1.4382513170440294e-05
481719	0.0
166486	0.003920611288861207
1288391	3.167903662386758e-06
1262942	0.00017829113785432265
1380376	0.0
328515	0.0
701175	0.0
1310	6.115176484812671e-05
1262708	0.0002836114344912331
29382	4.26697117056209e-07
46506	0.010825863893131
451457	2.20744691325677e-06
136857	0.0
549	0.0
1262911	0.00032448191459406487
626932	0.0010782664721274405
74829	0.0
1333651	5.009052415090437e-07
119858	9.316667989885226e-07
1262827	0.00015914662560252254
228604	7.018955590852059e-07
310300	0.0001355944722865464
1640685	0.0
46677	0.0
1797569	6.6111806303898e-06
46256	4.337070498503362e-06
1584	0.00013505153820640207
28128	7.857777507018577e-05
1816694	1.0249332042635262e-05
1262865	0.0006315017236435045
1263010	0.0005962693455943701
851	0.0011591418238806525
358743	0.0011517935156700793
1056807	1.3769471128200076e-06
69966	0.0
1262833	0.0003531656722508376
285	1.759256237055168e-06
1262689	0.00015972985574043403
1249	1.1379506782260667e-06
363265	7.997857464924652e-05
1262792	0.000105014276686075
1292	6.828059778674124e-07
33038	0.0032913859452095564
824	2.3494820040092176e-05
1512	0.001093980887259428
1382	0.00030455180527758693
1852368	1.4412468413032035e-06
28025	0.00038501310274610115
147709	0.0
1203590	2.1125413549010644e-05
59803	9.288931445613817e-06
59505	0.0
1263866	2.6881624291120277e-05
55507	6.2731498671212365e-06
194326	6.290704331747955e-06
1262807	0.0012057630939864001
1262878	0.00041828836682144405
1232428	7.583056944902008e-05
1262924	0.004554996932634513
817	0.0046372043065271125
1540257	8.193145934602786e-07
1745712	3.86566926175787e-07
28132	1.2728626631666308e-06
384638	0.00035099378975028336
1623	1.4721973653874629e-05
36834	0.0001773848272648522
1110546	7.632260859693684e-05
1502	0.00020809438176223131
225004	0.00044995539961459536
1224136	8.756225192711289e-05
1354	6.490119523221956e-06
1262876	0.00027822261963831186
1870985	2.7040997820204486e-05
712622	1.8912406123240491e-06
1871023	3.043389159345934e-05
671218	6.618065623922777e-07
84135	0.0003260301521262624
253239	3.374677647445954e-07
1358	0.0013226004366714982
180332	4.325041735248813e-06
1588754	8.613378734669115e-07
313439	2.4558880582133962e-05
28112	3.230086289889989e-07
1262837	0.00014101325594871014
1262824	0.0018183426398701533
113107	0.000518451585960514
178214	4.250578787157683e-07
614	0.0
1690244	8.96042599294639e-07
544645	0.0009821296392790943
1650661	0.002968411576792561
1608996	0.0
1262700	0.00010410846620955021
1472765	1.5659062065745759e-06
604330	8.139134008749313e-07
67826	1.7292214814975543e-06
1262826	0.00014309985776729978
225196	0.0
580	1.6120454732041366e-07
1262890	0.0012044520087032367
1715052	3.628380496568386e-06
310298	0.0012138904476655173
267212	1.2274652668146762e-06
43997	1.3912818537522371e-05
39482	0.0008228017642926599
33032	7.279027502079056e-07
1720299	3.8052228924396245e-06
905	0.0007879856792215068
40519	0.0019758614972030146
552398	0.0008320660347648674
1870987	8.413868369287564e-06
329	0.0
2750	0.0
1262816	0.0002235994799078196
1262874	7.615652170165221e-05
1262830	9.37115849721275e-06
184870	1.1047593860967734e-06
1393034	7.387201456790491e-06
410072	0.005776195977281317
1739394	1.531896396091224e-06
1150298	0.004158812557656566
187979	0.001179170626727254
39778	0.00038412576947110047
1870991	0.0009748221875604732
52022	2.9440240399849606e-06
1284708	4.696220314505253e-06
1608583	1.2059153542815624e-06
1262769	1.5542586743115582e-05
1896979	0.0003865302897897472
1805478	0.00043216700099786646
481722	0.0
55565	0.00022661698394231148
1262867	9.523507491545122e-06
40215	0.0
35787	1.892945855059086e-05
290309	7.742327901141409e-07
1871030	0.0012288608776517267
51123	2.4298928526149913e-05
877414	0.0
68891	3.887028610238735e-05
1262832	0.004269876912071852
43768	1.127512884347897e-06
180311	1.9781025700505827e-07
1681	0.0022912466567117933
61015	0.0
1262756	0.0006553130999588569
270498	0.0002512848120405713
156456	2.5162986601347945e-06
714	2.9625610002756835e-07
361101	1.7870959560005305e-07
341694	0.0021929049190048543
1262748	0.0004457437251516665
338188	0.0017547973055086884
1050843	2.80550507311592e-06
1262996	0.0008697334900506728
1262889	0.0034680382529075097
1629	4.948689229943567e-05
1965587	0.00037099499798555816
1805470	0.0
249188	4.603383688159004e-05
329854	0.002878062503577368
262668	8.354800246132836e-08
291644	0.00180648343338752
1364	3.06469438161832e-05
1871016	7.856926602702745e-06
1897044	0.0011895397841471147
1262883	0.0002461224412093574
28117	0.009283681900477169
712469	0.00016016531351035977
1263032	2.187118262508514e-05
735	2.8716768514352364e-06
1262993	1.3042888183722624e-05
649756	0.011915544451182782
1262771	0.0002379294152943856
1262838	4.434296109234157e-06
1264	2.7759879424886433e-07
823	0.007796340104904337
1262705	0.005991957902628897
82688	6.028345706058249e-06
28135	0.00013799923540036915
1852379	0.0
1252	9.092608943974286e-06
1262804	0.00013451109734687874
61171	0.0010119733485329145
1381	5.258697274144936e-05
490	1.4876855643409717e-06
1262782	0.0004772670954230092
1852894	0.0007476769442456758
1907658	0.0
83771	0.00030265506270383576
762212	1.3645697526413271e-05
1610	2.925128920729111e-06
1852375	0.0003376039677396515
1262966	9.952758152497717e-06
1871014	7.798194927223959e-07
33033	0.0029734694763011594
116085	0.0025048485131083974
1579343	0.00026878793315738067
146827	4.331735422712006e-07
555313	0.0
294	0.0
762209	2.3347071134850903e-07
173362	0.0
1263027	7.033950660110519e-05
638849	0.0003406144914022238
1402	2.4008576663798783e-06
39441	7.336157766582048e-05
1465757	4.973350075563151e-06
1871015	0.00010883970763478533
1262846	6.898877976146495e-05
1805714	0.0005145378644288646
1263547	1.0871291219107541e-05
43771	3.4435776239384526e-07
1262906	0.0001471899715903982
938289	5.806661258685865e-06
97478	2.5006123189074414e-05
712122	8.52856141995671e-05
502	3.917963053755743e-07
102148	0.0006888445375208128
28118	0.003485127351632785
227945	3.3927836382698872e-06
1650663	0.00023712447868626363
437898	1.899875416215709e-05
671266	1.2345310513249797e-06
1852385	1.8102089710579948e-05
712411	8.540247157904246e-05
69218	0.0
1262761	0.001069947788068435
1967665	0.0
29391	0.0009705063697568339
545	3.9449633669930785e-05
1262868	0.0007335419566407012
495	4.082254345683511e-06
658659	0.0001311124092068466
1262933	0.0002756721765507926
143361	0.00012024789251651165
33012	0.0
83231	0.0
1852900	0.0006557996644729078
755172	1.6922924328676524e-06
1262751	7.324918139176584e-06
859	0.00033586742221844727
1262818	0.00017476192888853624
1348	1.3949324553012797e-06
1379702	0.0002472035821303848
177972	1.6487218062606888e-05
1505725	1.6202892042868905e-05
861	2.9947543941695234e-05
148814	0.0
1262957	6.068133746903363e-05
1776382	0.00011758937493576168
33031	0.00013537980179594185
84112	0.001233651791408761
1262747	0.0018322718023730672
983706	7.355226058377523e-07
1735	0.0071249015326579086
1500894	0.0
712158	2.408025990611653e-06
28133	0.002035515767044208
1780377	0.00011690706093917219
1747	2.9183213738988786e-05
39485	0.007334456149857092
457396	3.460174372220891e-05
1589	0.0
1750560	6.877601886036503e-05
293371	0.0
1262785	0.00045594876614495034
1720300	0.00022767809916510358
1262691	0.0009282667784827778
1841867	0.0009122461219541572
1689	0.000589363185227247
626931	7.621566617238824e-05
282402	2.2544815242021222e-05
1262797	0.004833879312797208
181487	0.0002156724088242327
230143	0.00010366523880007522
1262995	1.9518645816114164e-05
1841856	0.00015345393138848927
1263020	4.5378854834646765e-05
1288	1.8397392200644945e-06
237576	5.5050902031475186e-05
61647	0.0
1945634	0.0004239437757478662
569	0.00041556306788160803
1262841	0.003130664592197028
1262919	0.0006939406540705838
368603	2.065373296186969e-06
1288121	0.0009151652248553035
1263001	0.0008475198328000991
2756	1.2172765991332064e-06
1587	8.619008235704026e-06
1262813	5.9739450157748085e-05
33035	0.00033563907532031486
84030	0.0006975820940338526
549685	3.488417513971134e-07
1658672	0.0
1262989	0.0007348587206101624
712888	5.585790983368067e-05
147207	8.18215934343131e-05
596085	1.6558914578317e-05
712430	1.8837065486861127e-06
1628856	0.0
29394	0.0
1476973	1.8218035424916196e-07
1262881	0.0005003317590499231
59561	0.0
712288	0.00041952174104648325
1078480	9.733285677778239e-06
53419	1.458399964535553e-05
292800	0.007475339155800023
290053	4.950460037073792e-06
1504823	0.003932525065608561
1265	0.0
191610	5.317491877354124e-07
1262848	0.00022824605597459574
56946	0.0
712532	3.539579520659209e-06
1303	0.0013785217876276894
481720	1.0998102666993716e-06
562	0.009926581609461712
42817	4.326991556259417e-06
1232447	0.000296453680063022
301302	0.0051559538220647605
1547	0.0009579381221534263
39490	0.0024585711963150078
2317	5.437187608636464e-05
1577792	1.905997025243811e-05
1739525	1.2932065361988365e-06
1683	0.00028845779676665617
1679169	0.0
114090	0.0
487173	0.0005395507685057989
1638786	0.0006559029064001799
1262802	9.604292758913901e-06
671230	0.0006177459004810926
856	4.7730391968157597e-05
1472761	0.0007345634599241173
357278	0.0
1527	6.614598213113863e-06
1473216	0.0007560249043596524
1496	0.00013386029730260614
1262703	0.0002781011114084278
390842	0.0
239935	0.019625208139387607
273678	1.4095356155697353e-07
1897040	0.0001032828180066257
1501329	3.4961935419169816e-05
1537	0.0
189722	1.145790496886944e-05
1896975	3.2698980777961597e-05
693444	8.015757720262882e-06
1681196	3.2139986996367503e-06
317010	5.459762448963546e-07
160386	4.702019527367122e-06
187327	0.0028369828341157114
1262809	0.0004942747217451733
292806	3.7513335761971164e-07
853	0.08101453605485948
134533	0.0
47671	5.919007934023951e-05
1317	1.1817890315114239e-05
1655	0.00010902181717472284
293	5.795691515700061e-06
1262687	8.139614190692952e-07
84024	3.2412442407329345e-05
104955	0.0
1263005	0.0008084594548029486
1505	2.653772223336261e-05
1506471	0.00010523270694378494
526588	1.3812892382001474e-05
713008	0.00015330678589283437
248039	5.014724776755656e-07
544644	0.0005667195179796306
712117	1.2747991400427561e-05
658665	7.158669120925489e-06
1807734	0.0
83526	9.57939533130447e-07
1871013	3.250360163343796e-05
1262992	0.0009099417424126126
214856	0.004270789634113875
1263026	0.0008748172297979045
1944646	1.0245376571745206e-05
544581	2.6966570585435995e-05
43769	0.0
39486	0.005796572300317688
29385	1.1132017243234418e-05
159896	0.0
1262759	0.0009662248704499095
46124	0.0003696921356886665
78448	1.9329466933078805e-05
1423	3.5121751814896667e-07
1262829	8.103700424397421e-05
105841	0.00033172276151762484
1288120	1.8660401361270066e-06
76860	0.00037694919274288015
1262907	0.0
39484	4.830581651851583e-05
39491	0.03391640040632623
1262977	0.0006013559366682422
1378168	4.1268637903689796e-05
33959	3.781448645774967e-05
56774	6.738171432218654e-05
47770	3.454524841378439e-05
1280	1.5666821534757132e-05
1304	0.0023507180294281634
55969	4.959394044851428e-07
31973	1.4270854279225817e-05
200	0.00014352921355473603
392416	0.0
1263003	0.0006777542321674798
158787	5.624585082863219e-06
1855299	0.00027336723452799593
1685	0.00020137463432150462
1270	1.0374230009011526e-05
1352	0.001820175473133312
2051	4.816585773968872e-07
1903261	0.00046812002097706257
1262781	0.004686985162250952
2033	1.287941976130364e-06
150056	0.0
1235799	1.1842103276159563e-06
732	5.769188947796503e-05
1658109	6.333065657234297e-05
227942	0.0
267363	0.0
762211	0.0
1773	0.0
290052	1.1363409729739977e-06
39492	0.011428448554275111
1308	0.00214388876074365
847	8.822200912901522e-05
1560201	3.862971886346957e-07
1262926	0.000769837581647624
1262794	0.00033709496987987733
204	2.3398125543410705e-05
1686381	5.496542358709274e-07
1432052	0.0010151372033721828
1871028	8.37243945845374e-07
1897011	0.005743164962919393
51160	3.5193728321908615e-05
33029	7.581534210368508e-05
1262736	0.0012543620784893164
1871002	0.0
1785996	1.1148475633015956e-05
501496	7.30028695359501e-06
1262937	6.227251620414981e-05
216816	0.003365909770604882
29321	0.0
712357	1.2054412184385597e-06
44007	1.575674871461287e-05
321661	0.0
60133	1.0023132325159396e-05
227943	7.690558152711131e-07
671222	2.1180627979175679e-07
1776391	0.0008985291783903093
1282	1.3085827539658743e-06
765821	0.0017062409419437608
246432	7.80692471104417e-06
28028	0.0
46503	0.007655630688811486
630	0.0
176090	1.6562128031501652e-05
157463	0.0
204516	0.006225649675073004
712528	3.6487364875743584e-06
1363	7.501624348059925e-05
28111	0.007970461671983772
1470347	0.0019197583608903056
1531	0.0005996749700876776
446660	0.0009615815339026145
1262884	0.017725838458091208
1254	2.4438010061385236e-05
1917883	1.856591873092435e-05
1262888	0.0022816980058200853
1965631	0.000226075682586155
40091	3.7806282199388845e-07
636	5.503010453161446e-06
1834205	6.666006720097649e-06
641148	9.179184530500705e-06
1532555	0.0
29361	0.0006613062639822945
827	0.00013112540287794834
1262849	4.562457639671794e-05
645	1.015502180643686e-06
1118061	0.0022835561244274947
1262770	0.00020172028722957727
53443	0.0003752716936831858
1531429	1.551792282522895e-05
1852372	2.206650357048564e-05
1579	9.887372928909138e-05
419208	6.495469112461009e-06
1739491	0.0003650890041362512
154046	0.0029060208010971357
1262821	0.009513101078378996
33945	5.215177058729253e-06
1520812	2.5655541080108226e-06
1262695	0.0003187983817088877
2702	2.3944931999524e-05
1841868	0.0004556664492551145
1897012	0.00036737219703102933
1318	0.00239131241560697
135082	1.5736829831869513e-05
1564	8.47953007349529e-06
1465756	2.904102101794418e-05
1263028	0.0001431080028675568
335972	8.847127886547498e-07
1262877	0.00028600719912929017
1262922	8.610354266344585e-05
1321780	1.1068050345654258e-06
1686287	1.911068475125794e-07
936572	4.215215246337376e-07
484	1.4007287418132039e-06
1235997	1.1946918670590933e-06
190146	2.431625763897301e-07
423477	0.00039858681702470617
310514	2.01384205323672e-06
61592	6.981292454428616e-05
747	6.096560451499701e-08
1907654	0.00023359069601030044
1262822	2.855278322734946e-05
1596	0.00024303468133551312
1262988	0.00047973479825812404
219301	0.0
126156	0.0
1262904	0.0002790241084652506
322095	0.00025419551943647986
272548	0.00011041891083897212
83655	3.948133128502651e-06
36740	7.93393837844286e-06
439220	4.251717629557637e-06
1296	1.89073420662484e-06
28125	0.0005076297652009497
837	1.9396129613801974e-06
2741	1.8670551682128873e-05
1262965	4.097075243978924e-05
1263024	0.0005848968079878428
40518	0.03336386050778004
33964	1.0180717499477468e-06
1302	0.00046964758716102305
1897025	0.0010595989912900812
1852388	2.200622215949727e-05
209880	0.00036705910961131404
1322	6.686402476124583e-05
1581	1.1038844522282513e-06
1192054	0.0
78345	8.962570211706846e-07
2748	1.160930808646177e-05
197	7.298848946358604e-06
587	0.0
1283	0.0
1737425	3.2825310345982695e-07
615	0.0
1661745	3.2223484105172175e-06
59620	0.00698352200161822
1497955	9.527637934685375e-07
28037	0.0007578010003720205
1780380	4.043384696946631e-05
999425	0.0001779496592963425
1263015	0.0003762793847619393
1262953	0.003881142118089478
1262685	1.3914035203004988e-05
69823	6.926380599337116e-05
1807749	2.488360656308874e-06
1574263	1.7525715715534455e-05
1659	3.445679280550695e-05
907	0.0004480136308438986
1598	0.00018695659208912
584	1.404424487420391e-05
1497953	0.0
267818	2.4620210859460166e-07
1613	8.357439659337989e-05
1965617	6.387086730520632e-07
199	0.00015935083637107092
1262847	1.1535210740772757e-06
1262880	0.0012526530040607282
1490	3.095639020321571e-05
52584	5.707961534705096e-05
712156	1.3114042444019138e-05
1520815	0.0007806562953628489
507750	7.24834773502527e-06
379893	8.747717347240094e-07
1262831	2.070133815119006e-05
1111454	7.08377192058505e-06
1262944	0.0006506706867936805
1632	4.247785069169832e-05
351091	1.4993188520438786e-06
61646	1.1229068532646787e-05
1871006	0.00014478524725378332
1903262	9.319630911759602e-05
582	0.0003026066103331954
1499684	2.6619737352457077e-05
78259	2.7336277545418767e-05
1655638	0.0
454155	0.0010082699218594358
1262801	0.00014453674337291754
1852361	0.0002057053089128839
154288	0.00042402568640420303
137732	5.290832133856186e-05
43770	0.0
114652	0.0
35517	5.6049551234740035e-05
1262917	0.00018147817992163467
38313	3.472376500573032e-06
157687	2.506213785352396e-05
460870	7.531367935186361e-07
226910	0.0
1776384	0.0001295962274221375
1353	1.3230796667416602e-05
1335	2.8075051980951856e-05
28901	1.651624880579484e-05
1795832	1.0122816729476185e-05
1796616	1.3112453960470066e-05
428712	0.0
1262893	0.0
103621	5.814190783520149e-06
729	0.0009618387958151604
1841857	0.00018873506193897808
1689303	0.0
1580092	6.605705165736736e-07
1263002	0.003070867643916799
28090	0.0
45634	0.00013476614929969335
29466	0.004014581749156454
290055	7.054138358746802e-05
161879	6.939231595091721e-07
511	1.8819113047645811e-06
1262778	0.0007733824174897223
1262882	0.02150469512538609
82347	1.2121427850159705e-06
106654	0.0
1262688	1.7280820382000655e-05
39950	0.0006526420945678874
28130	4.869615776616697e-05
143393	0.00028541745272610795
1871021	0.00034993757814929193
712710	2.727705024228085e-06
1796646	1.320131240821621e-05
518643	0.0
59814	6.278542180823137e-07
721785	8.071849444691184e-07
290054	0.0
1112209	0.0
28197	0.0
626929	0.002578369167583486
712359	1.0621760027772202e-05
94625	4.475907635413885e-07
1761782	9.804895608829622e-07
1538295	0.0
762210	0.004270417719837499
1871018	0.00023188817846530877
46125	3.124098540537992e-05
419015	8.635889103894388e-05
147206	1.8162921454792822e-05
82977	0.0
135083	4.995453036123362e-06
416586	0.0
191770	0.0
342942	0.0009311949244382621
1230476	1.6344193234445132e-06
88431	0.009971733717502497
1870997	7.582561891666638e-05
1193532	0.0005782328233402106
1563157	0.0
36841	1.9293944647543802e-05
38288	6.852450240846904e-07
387661	0.0024365416013040196
1930002	7.586126101422568e-05
1187851	3.6648304019104733e-07
2754	7.336313093675945e-06
1796613	0.004999049657338328
56810	0.0
1414721	6.518757460651653e-05
165179	0.02007308864435397
1262975	0.00021254830773114608
77635	0.0
876	0.00022139959760220215
626940	0.0036306013930303607
1504	1.133547697633593e-05
454154	0.0014779864649650378
220714	0.0
1848190	0.0
339	0.0
160404	0.0008505612655704638
1896978	9.268138996940291e-05
727	3.022300559755021e-05
1262914	0.00010045496715062902
1347366	0.0
194702	3.3134117217362075e-06
1549	0.0001446072930061542
33043	0.007438829844071647
40214	3.842949751181995e-06
905011	0.00019097066347765638
745368	0.0011064798050339124
2047	0.0001281890346585323
1743146	0.0
33010	0.0
39498	6.482310516468103e-07
164393	1.2315998964608796e-05
82135	1.96793773695532e-06
901	0.002037291259173466
54736	4.830526052536294e-07
262209	0.0
1244	1.7595913787816746e-05
35818	0.0
1881068	0.0
1720315	0.0
1736464	1.5496574290687007e-06
470565	2.734065737569686e-07
1311	9.49125833524244e-05
1852383	1.6506261081375023e-05
29348	0.0006702022958544544
470	0.0
1262959	6.313039113997534e-05
1262698	0.0020434427595617333
89153	0.00014475331517827084
1841863	7.169547827971204e-05
1314	9.515535681848908e-06
1871336	7.330054955141313e-05
137838	0.00040158262958829165
1702287	0.0
1262856	4.997942627057044e-07
1262901	4.370635427009851e-07
1705	0.0
467210	5.209309121485018e-05
225992	7.294359079969245e-07
501571	0.00010054644255742663
1262872	0.0004911130855770354
626937	0.0006293875911009515
1816676	0.00017672982129824988
214851	4.867399270072952e-05
158877	7.01593850927271e-07
1262905	0.00027832914196565447
1720204	4.5045704320177335e-05
1673723	4.9502012927704795e-06
1262793	0.0028745249464377206
53363	7.166651919187588e-07
1262742	4.775286405584248e-05
739	1.2859798502876428e-05
367336	3.263638791406663e-05
40520	0.007077079795751507
726	1.5570385735126442e-05
28129	0.00011250346667587052
1816678	5.247688728841122e-05
84109	0.00020751538628315083
712461	0.0
652706	3.4484839608760154e-06
1071061	0.0
31971	7.57021131669939e-05
1561	4.717972285203396e-06
80878	6.869729756817056e-07
1111134	0.0
438033	4.560793046245616e-05
187101	0.0
1321783	0.0
35833	0.003142673767645918
1262803	0.000314125232377325
1262774	0.007907036469275104
1930018	0.0
1776381	6.519199761139439e-06
938288	3.4935479154686885e-05
1262811	0.0006693211711212881
1080071	0.0
1262696	0.0033827665537268527
421767	0.0
79880	0.0
1519438	4.793892826943636e-05
471	0.0
1262958	0.00018369409900928594
2173	0.008479235239613622
1736	0.00025995908913608955
1896972	0.0015188564190050829
40542	1.9671912165283084e-05
1262863	1.0490967844386282e-06
28137	0.0
1262777	0.0003073484105393489
1305	0.00037842801771409505
44009	1.3393590764413014e-05
93378	4.8883124770104334e-06
218538	0.013858224922636607
84026	0.00017897505130964916
1852922	9.777947912390711e-05
1697780	2.7368141186983447e-05
52767	0.0
1907659	1.8957325135468377e-06
109328	6.997846252626028e-05
1780379	4.527490357982448e-05
1406512	1.1193410206878298e-05
29347	0.0006128413042374856
1871017	1.0575714914566582e-05
1262760	3.9595167112445365e-05
1262855	0.00019514521305326766
1334	1.3308177632352135e-05
1852378	6.576851952171923e-05
1262734	9.05103013057127e-05
257758	5.7280797301604106e-05
1478	0.0
1297617	0.001005105630154594
487175	0.0009010815161943153
1379	5.9937514471408846e-05
84110	0.0
1871033	2.048149051395141e-05
1262997	3.0227362225459145e-05
1262945	0.00013336877393969966
1519	0.0
195	2.062788200623036e-05
39777	0.0002970970204151536
13335	0.0
1694	2.628384903925868e-05
1748	0.0
1727	0.00011286447630882354
309120	1.5809365581153121e-06
45851	0.008097622682225912
1751	1.2393047740902316e-06
152331	1.2613319652050957e-05
1261635	3.993356153464833e-05
1262929	0.0011087560561120315
1292023	0.0
691	5.297820020883697e-06
1263017	0.0004024417414465386
214853	5.765890036062396e-05
47715	7.269252255654151e-05
139208	0.0001758953585983318
1777878	1.1012344277463178e-06
1713724	1.0421114204903452e-05
1943580	2.3054543405142152e-05
1263004	0.0012259318816211168
1351	0.00047961401916999605
1262927	0.0006942722065593567
169292	2.71537378589035e-07
938293	0.0
52773	8.36373905541989e-06
1262815	0.00019874668798012428
1193534	0.0010105603966493446
1260	4.189872623276171e-05
319970	1.0707720726978765e-07
1852386	0.000852341883519398
158	7.3634985611988995e-06
1262808	0.0006854598632051486
37637	0.0
1720199	9.302198827940796e-06
1745713	3.908130246258189e-05
913333	0.0
386414	2.077766311788604e-05
796942	8.077516941570378e-05
28131	0.001989621717669172
2718	2.7970557532220948e-06
644	1.3739207654176386e-05
1903263	0.0001716759978508339
1262969	0.0018003299704741876
53345	0.00021371141163530153
479117	0.0
1776390	4.184084744069707e-06
712124	5.9905896858817216e-05
296	0.0
1262825	0.00011988117046983513
360807	0.012325350900149745
1673721	0.0009868255253757078
1588755	3.900239557570963e-05
1262999	0.0018250881259211313
52242	5.730753373723949e-07
626938	1.1481292562604076e-05
85831	5.654435828300758e-06
210	1.3537005342133826e-05
47884	0.0
554343	0.0
376805	0.0017550336906365816
39496	0.002552175657320656
267364	0.0
1255	1.7211902019954835e-05
1262961	1.2127704622609847e-05
131111	0.00011936168647475887
157688	1.1502050967908643e-05
1262946	0.0004254418326053599
71451	1.6541087000294315e-07
1262796	0.004252177943800423
38289	1.1398416264649754e-05
328812	0.0005280076892428834
71237	0.0
47229	0.0
1262870	0.002346141139855167
84163	2.984034735550917e-05
1262915	0.0015043843205232717
654	6.943390915325361e-05
1263030	1.18926774926304e-05
228229	0.0
1528099	1.8538565923244073e-05
246144	1.9153222238561614e-05
28127	5.1334175777345384e-05
546	0.0006443298031850394
1590	1.786931758841726e-05
1504822	3.641762179145359e-05
165185	0.002756543166118785
1262908	1.4614577071637447e-06
1262869	0.0010918852576800812
33962	0.0
1036780	5.930918227737752e-06
573	0.0004148349014429123
33011	7.039653504631278e-07
160453	3.343158466433147e-06
1262772	3.6428079722176678e-06
136609	1.2856402756307604e-06
1262740	5.333884351101794e-06
1674848	0.0
105612	5.3664046007012075e-06
1262779	0.005594489404733128
1828	0.0
1841865	3.635534645996816e-05
1284775	1.6609127918926827e-06
563031	1.1385219604698138e-06
78346	0.003570997194717109
1736221	0.0
1896974	1.4890085473163447e-05
1904962	0.0
1230734	0.0004829894795918665
1870984	0.0
1019	5.345885846918764e-07
1852366	0.0006791964135744054
33039	0.027494888832128906
39483	0.003478329351495256
162156	0.0001763971338476169
82995	1.3017914341451091e-05
28124	0.00014912789405441897
1262910	0.0005990050535250478
51288	1.107085591365699e-05
81947	0.0
156978	6.018650430561176e-06
736	2.7159787373292482e-06
1262820	0.0019378564477668687
1625	6.83371014647192e-05
305719	9.57461719452417e-07
712148	2.9388225138162805e-06
28026	0.0016736874507405056
1870994	5.490235763287879e-05
1697781	0.0006287641643902836
1227267	9.861706544371525e-06
1262935	9.141299596193327e-05
1329411	0.0
1262806	0.000844500636869923
1313	0.00027857098582346324
1262753	0.0001916892388785002
1612	0.0
1323	0.00028350994346886476
283737	0.0
985002	0.0
820	0.025349236902355184
850	0.000630465886672711
187326	8.934872541283805e-05
1855394	3.979191507157855e-05
671224	1.4534684921396685e-06
118748	8.909998850774266e-05
1299998	4.893263447400452e-05
52769	3.844106292711468e-05
539	4.419604100079529e-05
453582	0.0
1173024	0.0
53408	0.0
38284	7.312728271373867e-07
1262963	0.0005390921613317973
1160721	0.014550051473704455
43675	0.00047777496722715604
1720313	0.0010382634932792725
629680	0.0
60519	5.791022367786988e-07
1807731	6.787706361627487e-07
1262839	0.0010957161907020657
1755099	3.033360589383084e-07
1245	0.0002686392445713646
1468449	0.0006541756735389782
341225	0.0002768054400437203
1309	0.00013290924836819337
215200	1.1494449291596843e-06
1720194	0.002146913961430418
515414	3.440527812021761e-06
391600	0.0
1161942	3.3213986783778525e-05
1262921	0.00023136883397798934
1564113	0.0
78258	7.396700391458077e-05
1235797	2.877371154549479e-05
2039	2.9203786081762916e-06
663704	0.0
1262819	0.0
61648	0.0
29360	1.5105408603882301e-06
287	0.000153814503238259
387090	0.0011722868541642795
502558	1.8563060420847953e-05
69824	0.0
74426	0.005229108329747151
1262791	0.00018504140466847564
464322	0.0
35841	0.0
548	1.9698185474326947e-05
1658108	0.00018208385104192398
461393	4.233261673573023e-05
35518	3.119902269189756e-05
133926	0.00010263380217935562
1290	3.8037412869977775e-07
1262938	4.5538936482592314e-06
1960083	0.0
1267	1.3487296322846444e-06
1263029	0.0
1262775	0.01979091975344227
1852381	0.0008275971109898884
1720200	0.0009421567029434648
111015	3.8962240987831616e-05
231049	0.0
310297	0.004615597178503303
28035	0.0
1099853	0.0023264317538609016
1780381	0.0006270630860341161
76517	1.5931978923914746e-05
1263006	0.0003307451275468345
1236179	6.261301214421121e-06
1750	4.9450796608524997e-05
1465754	0.0005484869315978408
1654	0.0004585992437112279
909656	0.0
57493	0.0
150022	2.4398499799217413e-05
264995	0.0
1935188	0.0
1980697	0.0
1350	0.0
100883	0.0
1918540	0.0
1653174	0.0
1380	4.5812094158907994e-05
184869	3.7640093084201546e-05
123375	0.00028612990637809084
1257	0.0
1301	0.0
1562565	0.0
209879	0.0
1505657	0.0
580596	0.003389316630369273
1980675	0.0
204475	0.0
34008	0.0
482	4.66840851960962e-06
1505663	0.0
1912217	0.0
906	0.0
34072	0.0
1279384	0.0
419014	0.0
1926659	0.0
547	1.5104401464016565e-05
830	0.0
1935176	0.0
1980693	0.0
1269	9.279914944405674e-07
2023266	0.0
1929297	0.0
841	0.009669613692066332
574697	8.619548759981541e-05
1473205	0.0
872	0.0027912144346608253
239759	0.009232658945733684
244127	0.0009597822129409554
248038	0.0
44259	0.0
191	0.0
158851	0.0
674963	6.84146273992166e-06
1987748	0.0
283168	0.0
209	0.0
195950	0.0
292632	0.0
255204	1.1457927573650718e-07
1686313	0.0
45989	0.00017021646079671702
1016	3.2441056553821545e-05
86331	0.0004977878816229959
248744	0.0
46255	0.0
1164882	1.1693237998697469e-05
338191	0.0
1573535	0.0
1330545	0.0
538	0.0
120831	0.0
41275	0.0
29393	0.0
581	0.0
28050	0.000739702305357414
428711	0.0
1033	0.0
22	0.0
1080709	0.0
28263	0.0
158876	0.0
13334	0.0
1926556	0.0
47670	0.0
572511	0.0
2048137	0.0
102106	0.01986295982136617
1506577	0.001198237681326687
374	0.0
239934	0.0018228343461064063
83770	0.0
697279	0.0
55968	0.0
1926651	0.0
568	0.0
990721	0.0
2039240	0.0
559173	0.0
642	0.0
413496	0.0
442430	0.0
423604	0.0
1716	0.0
698776	0.0
33024	0.0
2093	0.0
1774131	0.0
35829	0.0
2745	2.2179374552117864e-07
586	0.0
1981050	0.0
1213720	0.0
265975	2.963138253850363e-06
570	0.0002540005955977238
241189	0.0
32257	2.8352151529371508e-06
165779	0.00017329203410919783
55193	0.0
507	1.3983431526400097e-06
1742989	0.0
1069494	0.0
149698	0.0
2717	0.0
400634	0.0005268040814674461
207244	0.0
590	0.0
271087	0.0
270497	0.0
644652	0.0
39948	0.0
1578	0.0
434	0.0013494629496478405
53457	0.0
447020	0.0
577309	0.0
2038	0.0
162289	3.5847297759019844e-05
156454	0.0
1190	0.0
508459	0.0
1715798	0.0
1924081	0.0
219181	0.0
946234	0.0
1926663	0.0
1485	0.01756022029717179
909928	0.0
1279	0.0
397864	0.0
1913599	0.0
561	0.0
53246	9.199615082237009e-07
724	0.0
1849822	0.0
1912215	0.0
816	0.04114928388544854
1929045	0.0
635	0.0
1924105	0.0
375288	0.0
40544	0.0013044394257554323
43996	0.0
1017280	0.0006452164751397065
1849828	0.0
528	0.0
158846	0.000994707810534648
171412	0.0
2701	0.0
113286	0.0
32207	0.0
52225	0.0
61170	0.0
76833	0.0
1330546	0.0
65551	0.0
2747	0.0
1979843	0.0
1386	0.0
117563	0.0
43668	0.0
283	0.0
29521	0.0
191769	0.0
265	2.189250635575087e-07
13687	0.0
2057233	0.0
168808	0.0
1905344	0.0
66831	0.0
323620	7.116745976655682e-06
363408	0.0
286	0.0
838	0.025571488085803076
1926672	0.0
157920	1.643257229595727e-07
2172	0.0
196082	0.0
79603	0.0
1827	0.0
497	0.0
196081	0.0
1407607	0.0
657	2.0019859808931776e-06
29465	0.0
2005386	0.0
1843210	0.0
177971	0.0
1924110	0.00038199016118482966
1573536	0.0
1912216	0.0
1221880	0.0
31983	0.0
522	0.0
189330	0.0
36739	0.0
1472649	0.0
32067	0.0
35832	0.0
1060	0.0
579	0.0
28228	0.0
253238	0.0
1330547	8.409084838976597e-07
46123	0.0
629	0.0
1870884	0.0
69965	0.0
1573534	0.0
89958	0.0
2737	0.0
1980685	0.0
51668	0.0
55506	0.0
83461	0.0
1935927	0.0
420345	0.0
577310	0.0
203133	0.0
33882	2.488519056256916e-07
84111	0.001764729771940551
1847725	0.0
216851	0.0
1357	0.0
46254	0.0
2005359	0.0
1348911	0.0
1472762	0.0
1472763	0.0
1924093	0.0009518630291762128
1973274	0.0
92793	0.0
254250	0.0
85413	0.0
588605	0.0
836	0.0013103929487941128
194	8.455835114093641e-05
1981028	0.0
32008	0.0
1743	0.0
338	0.0
270	0.0
1937664	0.0
12916	4.962129686534675e-07
82976	0.0
1678	0.0
212742	0.0
416916	1.29976539984423e-05
407	5.004105681118751e-07
459786	0.038499931734745696
84108	0.0
191303	0.0
1763	0.0
1432051	0.0
653683	0.0
1506553	0.0014690286638748126
84162	0.0
53335	0.0
157	0.00017054664154713252
662	0.0
2160	0.0
1696	0.00020840596854825296
28196	0.0
1945592	0.0
2753	0.0
133925	0.0021458467762226615
846	0.0
1243	0.0
1470349	0.0
745	0.0
48736	0.0
265488	0.0
160674	6.879200065257342e-06
1392389	0.0
2316	0.0
28261	0.0
59732	0.00011014888104907429
648800	0.0
1987016	0.0
544	0.0
33042	0.0013807179235030102
713	0.0
40323	0.0
469	0.0017621583623795513
848	0.0019317080900418545
150247	0.0
29580	0.0
1161127	0.0
1980680	0.0
2050	2.3761472034919366e-05
2755	0.0
1253	0.0
2529408	0.0
1501226	0.0
970	7.355031059090968e-05
83654	0.0
1940255	0.0
1562	0.0
580024	0.0
2740	0.0
638847	0.0
543311	0.0
475	4.721324755830561e-06
2316020	0.0
335058	1.0744424059658835e-06
551	0.0
1965226	0.0
1935200	0.0
1263	0.0
1987010	0.0
1505652	0.0
1378	0.0
1730	0.0
904	0.0
1980038	0.0
1649459	0.0
118747	0.0
613	0.0
1283313	0.0
583	1.4176321210623337e-06
1903409	0.0
135621	0.0
89373	0.0
143786	0.0
186803	0.0
31957	0.0
2159	0.0
76892	0.0
135620	0.0
186807	0.00011275029005187648
1643826	0.006034040363490712
85023	0.0
742845	0.0
712	0.0003455280110423787
868	0.0
641	0.0
85020	7.363947864134078e-07
1903411	0.0
191394	0.0
506	0.0
189779	0.0
119060	0.0
424536	0.0
1737406	0.0
81850	0.0
216572	0.0
85019	0.0
1643824	0.0
267888	0.0
119045	0.0
33958	0.0
1570339	0.0
541000	0.02922870089059898
128827	0.0
49546	9.095652077930258e-05
909930	0.0
137	0.0
1892263	0.0
267890	0.0
41297	0.0
90964	0.0
31	0.0
186804	0.0006869466337320056
186827	0.0
543314	0.0035066508560167063
2005525	0.0
188786	0.0
213422	0.0
2092	0.0
171552	0.012494119132559711
563835	0.0
82115	0.0
84642	0.0
186820	0.0
171550	0.0
1853231	0.0
1300	0.0
1843491	0.0
995019	0.0018934494042157808
194924	0.00034087801771112876
641876	0.0
186828	0.0
1268	0.0
85021	0.0
2049	0.0
468	0.0
1577788	0.0
1762	0.0
72293	0.0
126	0.0
83763	0.0001479446583446865
75682	0.0003245467003048653
203492	0.0
1903414	0.0
433	0.0
2005473	0.0009645278382837279
292628	5.092049290843143e-07
481	0.0
186817	0.0
31989	0.0
85025	0.0
2048906	0.0
72294	0.0
186806	0.0
80864	2.8977936936571514e-07
28256	0.0
649777	0.00045975844042945376
72275	1.0437821867858865e-06
186818	0.0
1653	0.0
543	0.0
171551	0.0
84107	0.0
1129771	0.0
815	0.0
415002	0.0
338190	0.0
31977	0.0
32033	0.0
118882	0.0
2005519	0.0
85017	0.0
267889	0.0
2194	0.0
1647988	0.0
41295	0.0
31979	0.0
990719	0.0002574834321653082
81852	0.0
4893	0.00034570045944912886
31953	0.0
1903412	0.0
41294	0.0
2085	0.0
415001	0.0
135615	0.0
112	0.0
135614	0.0
135624	0.0
186826	0.0
213849	0.0
1235850	0.0
1748771	0.0
69541	0.0
206351	0.0
768507	0.0
189778	0.0
135622	0.0
4892	0.0
135623	0.0
356	0.0
135625	0.0
80840	0.0
171549	0.0
204457	0.0
641854	0.0
649776	0.0
1643686	0.0
1643822	0.0
191393	0.0
72274	0.0
204455	0.0
2037	0.0
68933	0.0
204441	0.0
1853229	0.0
29	0.0
909929	0.0
1385	0.0
1202465	0.004823447903355071
162474	0.0
1906119	0.00013244985990230255
135619	0.0
1843489	0.0
2158	0.0
1843488	0.0
136	0.0
292629	0.0
204458	0.0
1737405	0.0
85004	0.0
213115	0.0
84999	0.0
91347	0.0
186802	0.04811546765231123
85009	0.0
203491	0.0
48461	0.0
85007	0.0
1161	0.0
526525	0.0
85006	0.0
31932	0.0
200644	0.0
203490	0.0
1760	0.0002432173247740397
414999	2.6977276589354633e-05
1236	0.0
768503	0.0
641853	0.0
203693	0.0
84998	0.00020990189899298267
117743	0.00021628960771191772
28211	4.181310400412121e-05
203494	0.0
292625	0.0
4891	0.0
203683	0.0
29547	0.0
183925	0.0
91061	0.0
1737404	0.0
200643	0.0
28216	0.0
68337	0.0
203692	0.0
188787	0.0
28221	0.0
1562566	0.0
183967	7.835475184330521e-05
526524	0.0
1538075	0.0
301297	0.0
186801	0.0
31969	0.004380892873068466
224756	9.24159345864764e-05
649775	0.0
909932	0.0
1853228	0.0
1117	0.0
544448	0.0
5204	0.0
74201	0.0
4890	0.0
976	0.0
200930	0.0
203691	0.0
1239	0.0
200795	0.0
57723	1.8038477236937498e-05
95818	0.0005423863358023223
1224	0.0
28890	0.0
201174	0.0016199752855348692
1798710	0.00024011817669623923
1297	0.0
256845	5.441433315581546e-05
74152	0.0006472620273785744
32066	0.0
203682	0.0
40117	0.0
508458	0.0
651137	0.0
2759	0.0
2157	0.0
2	0.0
-1	6.661338147750939e-16
