ID	relative_abundance
580026	1.1778494537976594e-05
44742	2.8427276127915706e-05
1197717	0.0003499846793389556
1529	0.0
54005	6.0508774060295276e-05
1219626	0.0
1624	0.00014447272416310747
291645	0.0007270958751538286
715	0.0
28134	8.638109097507935e-07
425254	3.752393313797587e-06
113287	2.321317829141985e-06
1535	0.0014055264800987334
457415	7.165158187597974e-05
508451	6.212813019243518e-07
1262817	0.0007833489436749434
1807751	4.7755313267122305e-05
33968	0.00014947630605146236
1262948	0.0020545850829486742
1262925	0.00013823860951472572
1852370	0.0001817092751092874
341220	0.00017925221702392848
556499	0.0001213312363116841
1744	0.00023606810475601767
1262693	0.00016138115158636834
1807729	4.0001163181086796e-07
1871035	0.00017474337437920067
860	3.70404466539953e-05
29388	0.0
512030	3.1733450512933164e-07
1897015	0.001819259736756493
1261	7.854250324614613e-06
135080	1.3484823200859018e-05
1580	0.0
1307	6.362652406991196e-07
1105029	0.00020778836717532816
256701	1.475264236050489e-06
1777881	7.1928549139682785e-06
33934	1.3666289190706806e-06
840	0.0
1262970	0.0007123391520562221
1338	6.764043904086465e-05
936548	0.0007504306240812601
1262952	0.014896375709920702
47678	0.002780509152437831
1492	3.2061543610496415e-06
1633	0.00010463253456995183
487174	0.005151467746525482
574930	0.00015964461678942413
1262805	0.0008189733366010486
1262840	0.0
1718	6.934267146678018e-07
626930	0.00023480747535076883
1603888	1.4363443612505788e-06
68892	0.0005086038717782168
40545	0.0026830713202531144
626935	0.0004992754397684816
1262987	0.0006685109184850689
1602	0.0
1491	0.0
1501332	3.086858557769482e-06
818	0.008930605875052794
28141	0.0
1583	1.68595894123755e-05
651	0.0
286638	7.96169987637453e-06
79604	4.123134831857415e-07
2751	8.81756087968955e-06
1301100	5.676996063657358e-06
317	0.0
28123	4.1323196797426456e-05
202789	1.2929138914146843e-06
1776379	0.0006713277821422249
492736	2.945686148771342e-06
264463	0.0
1262998	0.002083633757463366
1293	9.64876595463851e-07
376804	8.946453661461967e-06
1871020	0.00019969273580971715
1852384	0.000572080998657636
66851	2.4926543159773725e-06
1263011	0.0004061537350598022
34073	4.77658117017109e-06
40324	1.1721824894098654e-06
1550024	0.0019134572842369993
46228	0.0029693699974175907
1262857	0.0004403438113422948
303	4.4754456373964426e-06
1262954	9.78103757627286e-05
157691	0.0
1262913	5.767123995863524e-05
1263019	0.004996668104070156
28126	6.402040063714311e-07
106588	0.00043554041349743843
671267	3.19303824418305e-05
261299	0.0010844350839544338
1262894	0.0
52226	9.264955148469636e-05
544580	0.0008226816410294999
1366	0.0002665957937265381
301301	0.0024490266365932356
1680	0.006795925815517481
1653435	0.000485205906895466
1328	0.0008325782732916478
1777879	0.0
137591	2.4812527286324418e-05
316	5.397275533414406e-07
1262899	5.54428037649194e-07
1574624	1.600185854871463e-06
1095727	7.458331533740002e-07
1673719	0.0
54062	0.0
1383	6.290294214796208e-05
376427	5.811688993631248e-07
1499683	0.0
1720317	0.0
37636	2.867993283387109e-07
1263023	3.206372634480589e-05
203	0.0
37734	6.468427525972488e-05
72000	6.89873759784113e-07
169435	0.0008388277388292688
1703	6.097843915774681e-05
147802	4.285940806727402e-05
487	3.0405811940414092e-06
1476577	1.2934138832694594e-06
1871031	8.873597260141515e-06
626933	0.0
1737424	0.007142016319572189
1262789	0.0021894709485513744
281920	2.9355938673687138e-05
1871022	0.000369057768088625
51669	2.623257081964283e-06
159	0.0
328814	0.003012934696252198
1852387	9.58954360791726e-05
1965570	0.0
1247	0.0
1855325	0.0
28038	9.754379284027952e-05
88132	0.0
33034	2.751619949111843e-06
39488	0.006387348764253913
1262873	0.00103353930438602
393762	0.0
486	0.0
76122	9.421135917269708e-06
100884	0.0003986604184717901
1034346	0.0003795393685494536
1599	0.0002575747437510904
1987385	4.043628823972495e-06
1261634	0.0
1262810	0.001833748399043985
1723384	3.365634415922845e-06
163202	1.6593431872593773e-05
138595	4.246439939662411e-05
454194	0.0
35519	0.00019646517968905153
168384	0.0
839	4.6570687131613625e-06
79967	2.5492160054864852e-05
481719	0.0
166486	0.0053439848442785026
1288391	3.868426137104073e-05
1262942	0.00016855006416609635
1380376	6.846864922403316e-07
328515	1.877286530781218e-06
701175	9.65266083502596e-07
1310	0.0001130105841816961
1262708	1.3341076139686009e-05
29382	0.0
46506	0.0026460291461279234
451457	0.0
136857	9.302657617985566e-07
549	3.170632809448232e-07
1262911	0.00028782331740238783
626932	0.0012314263663682154
74829	0.0
1333651	6.646731668251497e-07
119858	0.0
1262827	8.006754391818187e-05
228604	2.8506391150042345e-07
310300	0.0
1640685	2.9780873376267e-06
46677	6.073360621466047e-07
1797569	0.0
46256	0.0
1584	0.00018752127602523965
28128	4.841039866862909e-05
1816694	4.6350459420871946e-05
1262865	0.0002352475065048818
1263010	0.0016422761939411047
851	3.5691393309910764e-05
358743	0.0006091714713456557
1056807	1.7456690433792562e-06
69966	4.396193374445378e-06
1262833	0.0006454468513602798
285	0.0
1262689	8.347531566088688e-05
1249	6.154766905407424e-07
363265	0.001215320107611781
1262792	4.5994170993377356e-05
1292	3.3209702645163006e-06
33038	0.002030221638262411
824	1.4155007974786908e-06
1512	0.00026059853242763823
1382	0.00019041054125386593
1852368	0.0
28025	0.0018812092646043569
147709	0.0
1203590	4.230604975815736e-05
59803	1.0341526052240827e-06
59505	1.9849396337725868e-07
1263866	2.890187817311041e-06
55507	0.0
194326	3.6026921417054e-07
1262807	0.0004153046034562224
1262878	0.0007622366393166195
1232428	9.042510999864243e-05
1262924	0.0017486394550098486
817	0.0028455594922122598
1540257	0.0
1745712	0.0
28132	0.0
384638	0.0007292817449614643
1623	0.0011929431482885766
36834	0.00010146367113990587
1110546	9.912282702044998e-05
1502	0.00017636452513385592
225004	3.955871800155982e-05
1224136	0.00013551432937241093
1354	5.009487270185459e-05
1262876	0.000388118372186443
1870985	7.044131737956223e-05
712622	3.0102910425781626e-05
1871023	0.0
671218	0.0
84135	0.0003376536137087188
253239	0.0
1358	0.0016155611103416815
180332	2.1881069461468415e-06
1588754	0.0
313439	2.1053363626731935e-05
28112	0.0
1262837	0.00025882081281722335
1262824	0.0014273524510038796
113107	0.0006395068638846527
178214	0.0
614	2.0083238333152066e-06
1690244	0.0
544645	0.0006900672236565072
1650661	0.002118745795621855
1608996	7.778417477231754e-06
1262700	0.0008886411181665284
1472765	0.0
604330	0.0
67826	2.6076557676242554e-06
1262826	0.0005054212179325762
225196	0.0
580	1.6754952990855906e-06
1262890	0.002074206569398409
1715052	0.0
310298	0.003652415208457851
267212	1.630727957752916e-06
43997	0.0
39482	0.0007636463113498682
33032	5.691529441641686e-07
1720299	0.0
905	0.00043640709608096484
40519	0.0012837193340756357
552398	0.0009597019899752547
1870987	1.0050583303606647e-06
329	4.0236941064170067e-07
2750	2.7862444805786164e-06
1262816	0.0016870405313370966
1262874	9.658544901089138e-06
1262830	8.941354776304195e-06
184870	7.048259686943549e-06
1393034	2.549986192835131e-07
410072	0.007292845398244198
1739394	1.4715950589115587e-06
1150298	0.005335519892309728
187979	0.0021461159436898503
39778	0.00018041312914882402
1870991	0.000771850415456637
52022	5.5473539979540356e-06
1284708	2.68524203701077e-05
1608583	0.0
1262769	8.319624650810507e-07
1896979	0.0007176812525149391
1805478	0.00015300951155396183
481722	1.0974716661559864e-06
55565	0.00017677103262641748
1262867	3.561338349900218e-06
40215	4.47001591752127e-06
35787	0.0
290309	0.0
1871030	0.00026587693030556366
51123	5.6600706430105616e-05
877414	1.8203407355236296e-05
68891	3.004735899111256e-05
1262832	0.004530586209623066
43768	2.8271874012668867e-06
180311	0.0
1681	0.0025855336453743092
61015	6.980079898173213e-07
1262756	0.0005641842134520903
270498	0.00020075762077559434
156456	1.0019377355993595e-06
714	0.0
361101	0.0
341694	0.0001106871488647557
1262748	0.0001327807165853971
338188	0.0010623876988558214
1050843	0.0
1262996	1.0253137581658397e-05
1262889	0.003679076548403027
1629	3.1517002616070836e-05
1965587	2.97654860256173e-05
1805470	0.0
249188	0.00010285003962634351
329854	0.0011687379743590175
262668	0.0
291644	0.0005615613525121935
1364	2.5582806004758196e-06
1871016	4.351228914242321e-05
1897044	0.002314877461793355
1262883	0.0004236423637715151
28117	0.005208507554357554
712469	0.0
1263032	3.514973015584675e-07
735	1.7782369852525034e-05
1262993	3.37619330367415e-05
649756	0.03040035869923045
1262771	0.0006276916909613013
1262838	0.00013388222866826544
1264	0.0
823	0.006527718636024145
1262705	0.002780870440064094
82688	0.0
28135	0.0
1852379	1.0311238327708133e-06
1252	2.7717644366355157e-05
1262804	0.0008797757047749735
61171	0.0008569946243773562
1381	1.9380148763210912e-06
490	0.0
1262782	0.0014717462916502791
1852894	0.0006657150853751387
1907658	1.4122110356577898e-06
83771	0.0041788964463279525
762212	1.2767821154310921e-05
1610	2.4545674464735174e-05
1852375	5.0776223827249036e-05
1262966	0.00010583495740731313
1871014	1.6910385993090268e-06
33033	0.0002827840761464005
116085	0.0020065292452065633
1579343	0.00020661558270013857
146827	4.2972671155661515e-06
555313	0.0
294	5.24090347110258e-06
762209	2.004776208656517e-07
173362	8.176981815602376e-06
1263027	5.495200322582225e-05
638849	0.00018980635407912167
1402	0.0
39441	1.4392418364382892e-05
1465757	7.519787624370142e-06
1871015	2.1147104337802176e-06
1262846	0.0003113756582965991
1805714	0.000395079069835813
1263547	1.0270211882106902e-06
43771	0.0
1262906	0.0002649404467698908
938289	5.895530271086372e-06
97478	0.00022785754103262542
712122	0.000102770368755884
502	0.0
102148	6.941390824045365e-05
28118	0.0026816679265728397
227945	2.6668390990338865e-06
1650663	3.787961804250312e-06
437898	0.0
671266	3.8182493665549453e-05
1852385	9.141966931785692e-06
712411	0.0001775397790131856
69218	0.0
1262761	0.002819125532496428
1967665	5.539309100083205e-07
29391	0.00010936615021904423
545	3.4242910877408683e-06
1262868	0.0021761951857592102
495	2.7228190057640837e-07
658659	0.0001964716161812009
1262933	3.644531483782301e-05
143361	0.0
33012	2.499821095268617e-06
83231	0.0
1852900	0.0005456653209316341
755172	3.486297108390041e-06
1262751	0.0001400071154142689
859	4.190579164044111e-06
1262818	0.0005203092719658888
1348	1.2410441295157056e-05
1379702	8.28423838247656e-06
177972	1.1663524546458087e-05
1505725	0.0
861	8.345628352199887e-05
148814	1.2723915255287736e-05
1262957	0.00035110586458346964
1776382	0.00010327890155133697
33031	3.121629719089583e-05
84112	0.0013920403367081056
1262747	0.00019858385011582954
983706	0.0
1735	0.008654157759442366
1500894	7.96169987637453e-06
712158	1.3383608656486153e-06
28133	0.0
1780377	0.00013127297613828095
1747	7.302059066349525e-05
39485	0.016056180898088284
457396	0.0
1589	1.2554183073492475e-06
1750560	0.00017031156608727206
293371	1.3309481176357205e-06
1262785	0.0009035211240919684
1720300	0.0002499788439330043
1262691	0.0006016409937356906
1841867	0.0006083241362890028
1689	0.000524857377410296
626931	5.06933222934231e-05
282402	0.0
1262797	0.0031535284200967383
181487	3.311205536711742e-05
230143	9.602424892441208e-05
1262995	0.0
1841856	0.0003706647688875914
1263020	0.00039530660208694925
1288	2.8173580079942478e-05
237576	3.0785913539756765e-05
61647	4.523139174284194e-07
1945634	0.0014394329558690758
569	0.00043544381587377336
1262841	0.006075708838263755
1262919	2.257991293261681e-06
368603	0.0
1288121	0.0008000112787232218
1263001	0.0009466785267729327
2756	9.342984708442685e-06
1587	4.4751466224374054e-05
1262813	0.0015593163270221713
33035	0.0005361968125107234
84030	0.00029667708038041887
549685	1.8935369460390718e-05
1658672	0.0
1262989	0.00026263035726942615
712888	0.0001962362248806213
147207	0.00030144254994241666
596085	0.0
712430	0.0
1628856	1.009248564113465e-06
29394	2.2880952997440813e-06
1476973	2.000723978717303e-07
1262881	0.0005496491927213904
59561	0.0
712288	0.0
1078480	1.707956370530909e-05
53419	0.0
292800	0.002362325163815359
290053	2.4489773514392754e-06
1504823	0.004576238394045606
1265	0.0
191610	0.0
1262848	0.0007351113746448118
56946	3.810494828128624e-06
712532	0.0
1303	0.0010601498940895637
481720	2.4230391135724094e-06
562	0.007709408236279259
42817	5.013846315557392e-05
1232447	5.529954727370365e-05
301302	0.005632880135616297
1547	0.0006515443860085509
39490	0.002469889388787206
2317	0.00035580116130730946
1577792	9.60804549816729e-05
1739525	1.3272865921176902e-06
1683	0.0007677927577404381
1679169	4.361599830393846e-05
114090	6.479262312992344e-07
487173	0.0004601741577301472
1638786	0.0008449937949815659
1262802	0.0
671230	6.78026764071579e-05
856	4.5191433373456e-07
1472761	0.001479755566055506
357278	0.0
1527	0.0
1473216	0.0007708834405167297
1496	0.0
1262703	0.00020436478141492898
390842	8.761374535989324e-07
239935	0.00557253972308327
273678	0.0
1897040	0.0
1501329	1.3001947955038954e-05
1537	1.1461712513886684e-06
189722	0.0
1896975	0.0
693444	1.2927854197108454e-05
1681196	0.0
317010	0.0
160386	5.0235197065995916e-05
187327	0.00024239975820713075
1262809	0.0013141385275156642
292806	0.0
853	0.09280135635818186
134533	1.8649798276732598e-06
47671	2.507483435397776e-05
1317	4.689077697120675e-05
1655	0.00031137466030750784
293	0.0
1262687	0.00016285674148491333
84024	3.8662120002087474e-05
104955	2.930754020077983e-06
1263005	0.0005686674014733346
1505	2.6527562573791146e-05
1506471	8.550639080239701e-05
526588	1.1173806555335705e-06
713008	1.9033715869169376e-05
248039	0.0
544644	0.0005859447954237559
712117	0.00014317565883146608
658665	0.0
1807734	4.1053515358478177e-07
83526	0.0
1871013	4.1524567912965025e-05
1262992	0.0010016562787252027
214856	0.0028615155539318963
1263026	0.0007595674809474259
1944646	0.0
544581	6.533124546986105e-05
43769	3.247200611572367e-07
39486	0.004874428377411466
29385	3.452741483077766e-06
159896	6.1027993814260206e-05
1262759	1.7138650825014166e-06
46124	0.00010450525309484997
78448	1.8039728486874405e-05
1423	3.4151143049581128e-06
1262829	0.003620860766512125
105841	0.00026430225421624187
1288120	1.7170355609284661e-06
76860	0.00020601932256810213
1262907	0.0
39484	1.4813047001774923e-05
39491	0.037014721335332845
1262977	0.00031692326297180643
1378168	1.1765538238540778e-05
33959	3.769301644543082e-05
56774	1.8373304960458933e-05
47770	2.9594844456288023e-05
1280	2.117287321840908e-05
1304	0.00736929788949505
55969	0.0
31973	2.76677597790154e-05
200	1.9995463963429224e-05
392416	1.8324275866489635e-05
1263003	0.0006600118980126063
158787	2.5523639332874875e-06
1855299	0.00023450227865760674
1685	0.0003537078270479454
1270	0.0
1352	0.0014806690371139749
2051	0.0
1903261	0.0006417793953997815
1262781	0.003379098324509115
2033	0.0
150056	0.0
1235799	0.0
732	1.4609016427656934e-05
1658109	5.0830946626803945e-06
227942	9.20885590930897e-06
267363	9.098124182362022e-06
762211	1.4759553561944652e-05
1773	1.4429184405781412e-05
290052	0.0
39492	0.0067638483061228235
1308	0.006460995253717757
847	2.38507985222758e-05
1560201	2.8366140513124767e-06
1262926	0.00012063386629400004
1262794	0.00011037734513329654
204	3.056999296485743e-06
1686381	8.021591028120165e-07
1432052	0.0006618723576384498
1871028	9.795399246062294e-07
1897011	0.0049298246182237415
51160	0.0
33029	0.0
1262736	0.0009453724524416006
1871002	6.362179876925973e-06
1785996	3.0475093427441784e-07
501496	5.125224176702806e-07
1262937	0.0
216816	0.008102851300806164
29321	1.5214128574184645e-06
712357	0.0
44007	7.278572712944151e-05
321661	6.622353710745901e-07
60133	0.0
227943	1.1748129286066135e-06
671222	0.0
1776391	0.0017761210525776877
1282	3.0893334827574833e-06
765821	0.0016655674180825507
246432	2.3916858430769806e-05
28028	4.6710996084199056e-05
46503	0.0025703832188915146
630	2.5095958025152835e-06
176090	6.55545829299045e-05
157463	6.055594974049137e-06
204516	0.004649456792050715
712528	0.0
1363	5.679137086160116e-05
28111	0.0018244841011552213
1470347	0.001057914435834539
1531	0.00015850501973772204
446660	0.001458445010946061
1262884	0.028067710145601662
1254	5.508826941057126e-05
1917883	7.34371755784248e-05
1262888	0.002396281920598016
1965631	0.003947574022941369
40091	0.0
636	0.0
1834205	0.00010979314734374094
641148	5.938952256265511e-07
1532555	0.0
29361	0.0006943214247232274
827	1.4265982724594606e-06
1262849	1.811803025356024e-06
645	0.0
1118061	0.00247516429565835
1262770	0.0
53443	0.00022160853835703854
1531429	0.0
1852372	1.7580925811218075e-05
1579	2.3972969092378373e-05
419208	7.758448965319396e-06
1739491	0.000268964649800258
154046	0.0005599696864212085
1262821	0.0017657738982922956
33945	9.159217487823608e-05
1520812	0.0
1262695	0.0002399350026113971
2702	3.343961107789076e-05
1841868	0.00030200649128590097
1897012	0.00020301651823755946
1318	0.002254707294518415
135082	0.0
1564	0.0
1465756	6.326750784691717e-06
1263028	0.0004111885330113704
335972	0.0
1262877	0.0004307648901516541
1262922	1.918444270260517e-05
1321780	0.0
1686287	0.0
936572	0.0
484	1.0718390633205836e-05
1235997	0.0
190146	0.0
423477	0.0003219105715610704
310514	0.0
61592	0.00014021488536295027
747	0.0
1907654	0.00028609862890248086
1262822	0.0006540744009023342
1596	0.00016245923220189348
1262988	0.0008297558971753774
219301	9.695865672902107e-07
126156	2.854551882019661e-06
1262904	0.001572749433761702
322095	1.706897503195682e-06
272548	0.00014744137573056664
83655	0.0
36740	0.0
439220	7.663299607927992e-07
1296	6.022251656992754e-07
28125	2.6107241871905563e-05
837	4.0898947278913e-06
2741	6.320166351869307e-07
1262965	4.772426396133468e-07
1263024	0.0021041701631868306
40518	0.06603967068982752
33964	0.00013435617909993635
1302	0.000592657536039483
1897025	0.0006748145054085433
1852388	0.0
209880	0.00019292390365858767
1322	1.1611971600069354e-05
1581	3.844557253523818e-06
1192054	1.213365335001505e-06
78345	1.4489681403584786e-06
2748	6.82142007380545e-06
197	0.0
587	0.0
1283	5.989702982117859e-06
1737425	1.2934310444169546e-05
615	4.466400673754443e-05
1661745	1.8107054205273842e-06
59620	0.006715081844843465
1497955	0.0
28037	0.0008349377676845698
1780380	7.87666495357118e-07
999425	0.00023967280331032317
1263015	0.00029404455957261007
1262953	0.005063836775341821
1262685	0.0001507363712737731
69823	1.1849641566230181e-05
1807749	7.987884946485845e-06
1574263	1.8001560165085364e-06
1659	7.392085544738789e-05
907	0.0011678620303446528
1598	0.00014839722029032196
584	2.230676878893231e-06
1497953	9.978058561367683e-06
267818	0.0
1613	7.005068319311202e-05
1965617	0.00020314443799015726
199	3.104212242673593e-05
1262847	8.912923784578284e-06
1262880	0.0010447421607158215
1490	0.0
52584	2.348729803819581e-07
712156	9.536506946249046e-06
1520815	0.00030101319839130586
507750	2.169339260355922e-06
379893	0.0
1262831	0.0
1111454	6.429570182911462e-05
1262944	0.0011496842565127975
1632	1.4276044692805135e-05
351091	0.0
61646	4.6998285262133284e-06
1871006	2.798514255424829e-05
1903262	4.2074052172277644e-05
582	4.033094712222593e-07
1499684	0.00018316895844951191
78259	2.5976972024668045e-05
1655638	4.413647790443845e-07
454155	0.0009730735219271702
1262801	0.00017978847831473085
1852361	0.00014793175277331343
154288	0.0005003700081754003
137732	6.940011645319236e-05
43770	1.153383202446307e-05
114652	2.118764825802954e-07
35517	0.00010252220779084987
1262917	5.378196845114813e-06
38313	0.0
157687	3.5861135956735654e-06
460870	5.236954843805869e-07
226910	3.5245044510617644e-06
1776384	2.2346978126520818e-05
1353	0.00013004130147074768
1335	0.00025011726993830565
28901	1.2973359685622608e-05
1795832	0.0
1796616	2.751797408316811e-06
428712	3.9248008128156366e-07
1262893	5.06254541908527e-05
103621	4.121783015133907e-06
729	0.0010367018731072028
1841857	6.792587683461112e-06
1689303	0.0
1580092	0.0
1263002	0.0007796653052662249
28090	1.7664204806266312e-05
45634	0.00016684767058236342
29466	0.0005516469758695303
290055	5.2956835054926214e-05
161879	0.0
511	6.685021135175288e-06
1262778	0.00046304955556251243
1262882	0.017880824081340226
82347	0.0
106654	0.0
1262688	0.0
39950	6.851363596014402e-06
28130	3.0197240907993026e-05
143393	0.00033757619787532867
1871021	0.00017061626865328035
712710	0.0
1796646	0.0
518643	0.0
59814	0.0
721785	6.646205292708571e-07
290054	8.230114720936104e-06
1112209	0.0
28197	3.0529602813136835e-06
626929	0.002899454767398047
712359	3.4425164127160943e-06
94625	0.0
1761782	0.0
1538295	0.0
762210	0.013314968366962629
1871018	7.94497283153458e-05
46125	0.00010420966700272785
419015	0.00020178300656979836
147206	1.808689201426603e-05
82977	0.0
135083	9.03256307278324e-06
416586	6.52090508165938e-05
191770	4.37504304626161e-07
342942	0.000591731977380206
1230476	3.222243775449459e-07
88431	0.008581014322692957
1870997	6.5721149468622575e-06
1193532	0.0007765977589843215
1563157	5.904490902903722e-06
36841	6.539853363228679e-06
38288	1.3981508719755229e-05
387661	0.0007535940057476526
1930002	1.5343442587067417e-05
1187851	0.0
2754	0.0
1796613	0.0052805116138824
56810	0.0
1414721	0.0
165179	0.020047704421419833
1262975	0.0002835617116509219
77635	1.3234636710857053e-06
876	5.7314354478230705e-05
626940	0.004184105032817382
1504	0.0
454154	0.0014679989039396051
220714	9.94260438828971e-07
1848190	8.34307841012578e-07
339	0.0
160404	5.458063015374902e-05
1896978	0.00016032382070087803
727	4.9245084522630045e-05
1262914	0.0001566595045441944
1347366	1.7060068296112772e-06
194702	0.0
1549	0.0
33043	0.009259435187893324
40214	1.552888368296367e-05
905011	0.00016762698905056853
745368	0.0015149437643219232
2047	0.00015400352653295262
1743146	1.3155629249116723e-06
33010	7.61947359502297e-07
39498	0.0
164393	2.4239630603759414e-06
82135	3.899768611200233e-06
901	0.0005449287726381512
54736	0.0
262209	0.0
1244	5.647606121308794e-05
35818	1.6945309586859408e-05
1881068	9.743903274098796e-07
1720315	6.013671588709037e-05
1736464	0.0
470565	6.730380618739022e-07
1311	3.263422670487474e-05
1852383	4.1224758321835354e-06
29348	0.000471107733563162
470	0.0
1262959	9.047587179141668e-05
1262698	0.00010129471697102878
89153	3.21255919238929e-05
1841863	4.862820437643234e-05
1314	0.0
1871336	0.0
137838	4.2350518019862575e-06
1702287	0.0
1262856	0.0
1262901	3.6111257733268884e-05
1705	0.0
467210	3.722406087767728e-05
225992	1.885816654604238e-05
501571	7.480109307341535e-05
1262872	0.0007054829935593323
626937	0.0003426905581744124
1816676	0.00013710413054020344
214851	2.4973918178796266e-05
158877	0.0
1262905	0.0010357482098790546
1720204	5.872182121778211e-06
1673723	0.0
1262793	0.003728975922702592
53363	0.0
1262742	6.232963952696842e-05
739	3.3250870596113705e-06
367336	3.6515962002380553e-06
40520	0.007920514671618691
726	3.135755550826483e-05
28129	0.0
1816678	7.322633476990358e-05
84109	0.00010564762604833728
712461	0.0
652706	2.328684689644243e-06
1071061	7.629275734270664e-07
31971	6.6151045554045e-05
1561	1.3563156061122917e-06
80878	0.0
1111134	1.0471331055924039e-06
438033	4.830783795966866e-05
187101	1.1860917140579256e-06
1321783	1.937253940333459e-06
35833	0.0018536901522815665
1262803	0.00026971227615460154
1262774	0.00849704193983286
1930018	0.0
1776381	1.733317701395218e-06
938288	7.315893743514301e-06
1262811	0.004692951490466519
1080071	0.0
1262696	1.568133287538868e-05
421767	9.240404493387451e-07
79880	7.414891060354045e-07
1519438	0.0001526536679188497
471	0.0
1262958	0.0003442490086627572
2173	0.00898056555405251
1736	5.9468266647187864e-05
1896972	0.0009726585406954784
40542	0.0
1262863	0.0001058042686935877
28137	0.0
1262777	0.0008628656090285697
1305	0.0006168348152531047
44009	2.4178535820982223e-05
93378	0.0
218538	0.010296288216257788
84026	6.794866134167101e-05
1852922	7.85182090598041e-05
1697780	0.0
52767	7.063997626932679e-06
1907659	0.0
109328	0.0
1780379	3.021847209625997e-06
1406512	0.0
29347	0.0007820640266273487
1871017	2.4026915616774035e-07
1262760	0.00035967003741932207
1262855	0.001201183868176443
1334	4.576539253032747e-06
1852378	0.00018207891579167713
1262734	0.0
257758	1.8655525686098245e-05
1478	2.0802711759273824e-06
1297617	0.00047363191641990206
487175	0.001272228663234767
1379	4.106151634504098e-05
84110	0.0
1871033	0.0
1262997	7.17294175031104e-05
1262945	0.00021579858746124183
1519	2.182535434419632e-07
195	0.0
39777	0.00021551411288204414
13335	0.00012472071985626554
1694	1.802236114018176e-05
1748	7.5186609113295355e-06
1727	7.72681635979994e-05
309120	3.7587023996878873e-06
45851	0.010548745200078471
1751	0.0
152331	2.392283150877665e-05
1261635	0.0
1262929	0.0006556126395548456
1292023	5.74112092566973e-07
691	4.357008839490317e-06
1263017	0.0005889797260449933
214853	4.087565504004625e-05
47715	9.06669861393361e-05
139208	0.00023929461136691367
1777878	1.005620495280001e-05
1713724	0.0
1943580	6.055139392328218e-06
1263004	0.0005347470056704652
1351	0.001885192155184997
1262927	0.00010614026651422982
169292	6.951525562481012e-06
938293	2.148509269517767e-07
52773	3.1879723276891806e-06
1262815	9.84235623692584e-05
1193534	0.00045362702645656026
1260	1.1672470353515113e-05
319970	9.719142990000038e-05
1852386	0.00039075298859227755
158	0.0
1262808	0.0011682833139977102
37637	0.0
1720199	0.0
1745713	0.000230943415791239
913333	9.634913782091801e-07
386414	3.179070575172862e-05
796942	4.021438454589481e-05
28131	1.6178714558832023e-05
2718	1.1079977523363724e-06
644	0.0
1903263	4.6413359410150226e-05
1262969	0.0017645439186624158
53345	0.00025090966836869747
479117	5.8137309388153015e-06
1776390	6.643789327718036e-07
712124	0.0002809232336729374
296	0.00012237827924375057
1262825	2.331437854901918e-05
360807	0.008184497010339025
1673721	0.00040555145477997245
1588755	2.6589232440130053e-05
1262999	0.0006637386678786241
52242	9.249827700050493e-06
626938	9.886405027574211e-05
85831	1.2204138310507242e-06
210	0.0
47884	3.2805018599103925e-06
554343	0.0
376805	9.000196682183827e-05
39496	0.004318289165384595
267364	7.24455984708839e-06
1255	3.2903665859117735e-05
1262961	0.0
131111	8.052585535906258e-05
157688	0.0
1262946	0.00013557188549123385
71451	6.20592224782167e-05
1262796	0.007657608011792232
38289	0.0
328812	0.0005640846430372741
71237	4.9704597691826815e-06
47229	4.850699439638548e-06
1262870	0.0013570402917611705
84163	2.301028445080558e-05
1262915	0.001062758775354755
654	0.0
1263030	0.0
228229	0.0
1528099	1.5863789923317028e-05
246144	1.2269609564168573e-05
28127	5.244376991690126e-06
546	0.00032742013208048243
1590	7.022608409170749e-05
1504822	0.00012229209582954759
165185	0.004468979439176963
1262908	0.0005956308071980971
1262869	5.646552159686998e-05
33962	0.0
1036780	0.0
573	0.00022517072427467123
33011	8.159646932813398e-07
160453	0.00015609915020407117
1262772	6.246611601186298e-05
136609	0.0
1262740	7.857903687431074e-05
1674848	8.908772615959532e-07
105612	0.0
1262779	0.010844523033634229
1828	8.38852749576937e-07
1841865	0.00010443035686335392
1284775	3.0621653096217306e-06
563031	0.0
78346	0.004281993842261445
1736221	8.830534311186977e-07
1896974	1.2276143101180102e-05
1904962	5.512285209564078e-07
1230734	1.2577131070182289e-05
1870984	0.0
1019	1.214518651555594e-06
1852366	0.0007851339437421112
33039	0.027237398117329562
39483	0.0008932340689370734
162156	0.0006520853914121855
82995	0.0
28124	5.874661503551238e-07
1262910	0.00034156032083981216
51288	0.0
81947	0.0
156978	0.0
736	4.71347963673169e-06
1262820	0.0004996549560466736
1625	1.913131616287382e-05
305719	0.0
712148	1.0864739244100215e-06
28026	0.00512658427861915
1870994	0.0
1697781	0.0002793835484582501
1227267	0.0
1262935	0.0
1329411	2.0070870365428235e-07
1262806	0.0007586490631824252
1313	0.0002318059177388455
1262753	0.00013253765844104968
1612	3.428127475324549e-06
1323	0.00021273443358655315
283737	1.1384671639339614e-06
985002	0.0
820	0.01546960229828161
850	4.60890996343793e-06
187326	8.285564641656801e-06
1855394	4.948864723111281e-06
671224	0.0
118748	6.112923234335275e-05
1299998	0.0001040715424948222
52769	0.00013726755564874463
539	0.0
453582	3.243640317821294e-07
1173024	1.582511707953872e-05
53408	2.7824947611320465e-06
38284	3.867310372560406e-07
1262963	0.00016940801304636706
1160721	0.009619358792731675
43675	0.0005317745641486186
1720313	0.000828308131945895
629680	1.1863080684416482e-05
60519	5.117202316148934e-07
1807731	0.0
1262839	0.002101461502785949
1755099	0.0
1245	0.00032034724092301696
1468449	0.00043936253909979405
341225	0.00034399291129619106
1309	0.00046514908806686835
215200	0.0
1720194	0.0025649032133780447
515414	0.0
391600	0.0
1161942	0.00041015227297008507
1262921	0.0004928799251658559
1564113	0.0
78258	7.971114512162989e-05
1235797	1.5045611702161358e-06
2039	8.922735922011485e-06
663704	9.793705326382441e-07
1262819	0.0002556934557855433
61648	1.210214519921647e-05
29360	1.0427509550846796e-06
287	9.365149305881981e-05
387090	0.0014551290292207782
502558	1.8783971241524293e-06
69824	5.795822788072039e-07
74426	0.00623836737448022
1262791	0.00041799485999853174
464322	7.265004342110252e-06
35841	3.817991632196472e-06
548	5.61065358847786e-05
1658108	0.00027886947955584165
461393	0.00015319581225438703
35518	4.931524195658261e-05
133926	0.00018726602127749944
1290	3.691602728353571e-06
1262938	0.0023573516085228395
1960083	4.229495118626813e-07
1267	1.1489956053303305e-06
1263029	4.3872016689106487e-05
1262775	0.00694281520319607
1852381	0.0005855129462062694
1720200	0.0005824236936242016
111015	1.801376315785512e-05
231049	0.0
310297	0.010595754122679348
28035	0.0
1099853	0.000934114341796432
1780381	0.0003391393637875987
76517	2.565128044221761e-05
1263006	0.0003775273418424373
1236179	0.0
1750	0.00023937262347002605
1465754	0.000630104286091415
1654	0.0002575836502691107
909656	0.0
57493	0.0
150022	2.0185874030478957e-05
264995	0.0
1935188	0.0
1980697	0.0
1350	0.0
100883	0.0
1918540	0.0
1653174	0.0
1380	0.000212868993194031
184869	2.358549312471074e-05
123375	9.404749521507017e-05
1257	0.0
1301	0.0
1562565	0.0
209879	0.0
1505657	0.0
580596	0.0034323450132129
1980675	0.0
204475	0.0
34008	0.0
482	7.554991466879665e-06
1505663	0.0
1912217	0.0
906	0.0
34072	2.894993757448645e-06
1279384	0.0
419014	0.0
1926659	0.0
547	1.2937904340792239e-05
830	0.0
1935176	0.0
1980693	0.0
1269	0.0
2023266	0.0
1929297	0.0
841	0.012101527474144402
574697	0.0
1473205	0.0
872	0.003074789360830818
239759	0.008369571685594927
244127	0.0
248038	0.0
44259	0.0
191	0.0
158851	0.0
674963	0.0
1987748	0.0
283168	0.0
209	0.0
195950	0.0
292632	0.0
255204	0.0
1686313	0.0
45989	2.3625250659852028e-05
1016	2.601156929814527e-06
86331	0.0005648861950602855
248744	0.0
46255	0.0
1164882	0.0
338191	0.0
1573535	0.0
1330545	0.0
538	0.0
120831	0.0
41275	0.0
29393	0.0
581	0.0
28050	0.0007731425168637311
428711	0.0
1033	0.0
22	0.0
1080709	0.0
28263	0.0
158876	0.0
13334	0.0
1926556	0.0
47670	0.0
572511	0.001956062018435477
2048137	0.0
102106	0.029025591670359084
1506577	0.0
374	0.0
239934	0.0017614237823218347
83770	0.0
697279	0.0
55968	0.0
1926651	0.0
568	0.0
990721	0.0
2039240	0.0
559173	0.0
642	0.0
413496	0.0
442430	0.0
423604	0.0
1716	0.0
698776	0.0
33024	0.0
2093	0.0
1774131	0.0
35829	0.0
2745	1.4137512695751265e-06
586	0.0
1981050	0.0
1213720	0.0
265975	0.0
570	1.8890272966385095e-06
241189	0.0
32257	0.0
165779	3.291427450077048e-05
55193	1.2158878824632035e-06
507	0.0
1742989	0.0
1069494	0.0
149698	0.0
2717	7.542347556435065e-07
400634	0.0
207244	0.0
590	0.0
271087	0.0
270497	0.0
644652	0.0
39948	0.0
1578	0.0
434	0.0005562101038938069
53457	0.0
447020	0.0
577309	0.0
2038	0.0
162289	1.2460427304556836e-05
156454	0.0
1190	0.0
508459	0.0
1715798	0.0
1924081	0.0
219181	0.0
946234	0.0006060386893513682
1926663	0.0
1485	0.022765049433670415
909928	0.0
1279	0.0
397864	0.0
1913599	0.0
561	0.0
53246	0.0
724	0.0
1849822	0.0
1912215	0.0
816	0.035352993872590374
1929045	0.0
635	0.0
1924105	0.0
375288	0.001421853410078923
40544	0.0009204055893880323
43996	0.0
1017280	0.0004871417124999741
1849828	0.0
528	0.0
158846	0.0012746805539779204
171412	0.0
2701	0.0
113286	0.0
32207	0.0
52225	0.0
61170	0.0
76833	0.0
1330546	0.0
65551	0.0
2747	0.0
1979843	0.0
1386	0.0
117563	5.9296510888679665e-05
43668	0.0
283	0.0
29521	0.0
191769	0.0
265	0.0
13687	0.0
2057233	0.0
168808	0.0
1905344	0.0
66831	0.0
323620	0.0
363408	0.0
286	2.7265701043268796e-05
838	0.014422510162124477
1926672	0.0
157920	9.34890927309602e-06
2172	0.0
196082	0.0
79603	0.0
1827	2.8677160752115944e-07
497	0.0
196081	0.0
1407607	0.0
657	0.0
29465	0.0
2005386	0.0
1843210	0.0
177971	0.0
1924110	0.00015638292410514066
1573536	0.0
1912216	0.0
1221880	0.0
31983	0.0
522	0.0
189330	0.0
36739	0.0
1472649	0.0
32067	1.5891065534431517e-06
35832	0.0
1060	0.0
579	5.245372707375387e-06
28228	0.0
253238	0.0
1330547	1.8314773562724509e-06
46123	0.0
629	0.0
1870884	0.0
69965	0.0
1573534	0.0
89958	0.0
2737	0.0
1980685	0.0
51668	0.0
55506	0.0
83461	0.0
1935927	0.0
420345	0.0
577310	0.0
203133	0.0
33882	0.0
84111	0.003460777959908089
1847725	0.0
216851	0.002621150729090957
1357	0.0
46254	0.0
2005359	0.0
1348911	0.0
1472762	0.0
1472763	0.0
1924093	0.0006286482325823436
1973274	0.0
92793	0.0
254250	0.0
85413	0.0
588605	0.0
836	4.751166668421398e-05
194	0.0
1981028	0.0
32008	0.0
1743	0.0
338	0.0
270	0.0
1937664	0.0
12916	0.0
82976	0.0
1678	0.0
212742	0.0
416916	2.0553328673731777e-05
407	0.0
459786	0.023877392310552657
84108	0.0
191303	0.0
1763	0.0
1432051	0.0
653683	0.0
1506553	0.0003653148180871443
84162	0.0
53335	0.0
157	0.0002981893112026389
662	5.261476007778039e-07
2160	0.0
1696	8.489966618123313e-05
28196	0.0
1945592	0.0
2753	0.0
133925	0.0004190322779793322
846	0.0
1243	0.0
1470349	0.0
745	0.0
48736	0.0
265488	0.0
160674	1.4073157393749574e-06
1392389	0.0
2316	0.0
28261	1.0471956503712122e-06
59732	0.00013378737650361261
648800	1.2258833944019594e-06
1987016	0.0
544	0.0
33042	0.0004399246607851015
713	3.23440761661193e-07
40323	0.0
469	0.0011567089494370641
848	0.0
150247	0.0
29580	0.0
1161127	0.0
1980680	0.0
2050	6.241175071029817e-05
2755	0.0
1253	0.0
2529408	0.0
1501226	0.0
970	3.049324677952976e-05
83654	0.0
1940255	0.0
1562	0.0
580024	0.0
2740	0.0
638847	0.0
543311	0.0
475	0.0
2316020	0.0
335058	0.0
551	0.0
1965226	0.0
1935200	0.0
1263	0.0
1987010	0.0
1505652	0.0
1378	1.6800046451142061e-06
1730	0.0
904	0.0
1980038	0.0
1649459	0.0
118747	0.0
613	0.0
1283313	0.0
583	0.0
1903409	0.0
135621	0.0
89373	0.0
143786	0.0
186803	0.0
31957	0.0
2159	0.0
76892	0.0
135620	2.3697653435593645e-07
186807	0.00011685778569166217
1643826	0.007066870464145246
85023	0.0
742845	0.0
712	0.00011440681352827909
868	0.0
641	0.0
85020	0.0
1903411	0.0
191394	0.0
506	0.0
189779	0.0
119060	0.0
424536	0.0
1737406	0.0
81850	0.0
216572	0.0
85019	0.0
1643824	0.0
267888	0.0
119045	0.0
33958	0.0
1570339	0.0
541000	0.02238866347568308
128827	0.0
49546	0.00032507846086442477
909930	0.0
137	0.0
1892263	0.0
267890	0.0
41297	0.0
90964	0.0
31	0.0
186804	0.0005382827605718604
186827	0.0
543314	0.0033378131438703447
2005525	0.0
188786	0.0
213422	0.0
2092	0.0
171552	7.031970300609008e-05
563835	0.0
82115	0.0
84642	0.0
186820	0.0
171550	0.0
1853231	0.0
1300	0.0
1843491	0.0
995019	0.0016629790909007125
194924	0.00026565413942182363
641876	0.0
186828	0.0
1268	0.0
85021	0.0
2049	0.0
468	0.0
1577788	0.0
1762	0.0
72293	0.0
126	0.0
83763	0.000889112986511838
75682	0.00013333161501859718
203492	0.0
1903414	0.0
433	0.0
2005473	0.00045531237551189364
292628	0.0
481	0.0
186817	0.0
31989	6.211371195673279e-07
85025	0.0
2048906	0.0
72294	0.0
186806	0.0
80864	7.012816999846841e-06
28256	0.0
649777	0.0
72275	6.434321593647804e-07
186818	0.0
1653	0.0
543	0.0
171551	0.0001951358783607358
84107	0.0
1129771	0.0
815	0.0
415002	0.0
338190	0.0
31977	0.0
32033	0.0
118882	0.0
2005519	0.0
85017	0.0
267889	0.0
2194	0.0
1647988	0.0
41295	0.0
31979	0.0
990719	0.0003144898542103545
81852	0.0
4893	0.0
31953	0.0
1903412	0.0
41294	0.0
2085	0.0
415001	0.0
135615	0.0
112	0.0
135614	0.0
135624	0.0
186826	0.0
213849	0.0
1235850	0.0
1748771	0.0
69541	0.0
206351	0.0
768507	0.0
189778	0.0
135622	0.0
4892	0.0
135623	0.0
356	0.0
135625	0.0
80840	0.0
171549	0.0
204457	0.0
641854	0.0
649776	0.0
1643686	0.0
1643822	0.0
191393	0.0
72274	0.0
204455	0.0
2037	0.0
68933	0.0
204441	0.0
1853229	0.0
29	0.0
909929	0.0
1385	0.0
1202465	0.0016842244792325649
162474	0.0
1906119	0.00012456899043284279
135619	0.0
1843489	0.0
2158	0.0
1843488	0.0
136	0.0
292629	0.0
204458	0.0
1737405	0.0
85004	0.0
213115	0.0
84999	0.0
91347	0.0
186802	0.03733632202498738
85009	0.0
203491	0.0
48461	0.0
85007	0.0
1161	0.0
526525	0.0
85006	0.0
31932	0.0
200644	0.0
203490	0.0
1760	0.00017634989218051622
414999	0.00014809860893936973
1236	0.0
768503	0.0
641853	0.0
203693	0.0
84998	8.427598700172512e-05
117743	0.0002091609903817993
28211	4.1607360680216525e-06
203494	0.0
292625	0.0
4891	0.0
203683	0.0
29547	0.0
183925	0.0
91061	0.0
1737404	0.0
200643	0.0
28216	0.0
68337	0.0
203692	0.0
188787	0.0
28221	0.0
1562566	0.0
183967	0.00012686499973666262
526524	0.0
1538075	0.0
301297	0.0
186801	0.0
31969	0.004218435433246115
224756	0.00020547268007413985
649775	0.0
909932	0.0
1853228	0.0
1117	0.0
544448	0.0
5204	0.0
74201	0.0
4890	0.0
976	0.0
200930	0.0
203691	0.0
1239	0.0
200795	0.0
57723	6.677841906351649e-07
95818	0.00044783025232839833
1224	0.0
28890	0.0
201174	0.000652749709753972
1798710	7.250057765014316e-05
1297	0.0
256845	0.0002506887303114839
74152	0.0011871893047666216
32066	0.0
203682	0.0
40117	0.0
508458	0.0
651137	2.306475486775108e-06
2759	0.0
2157	0.0
2	0.0
-1	1.1102230246251565e-16
